3,1,185.20417847302588,90.74082590882288,78.67959608698551,235.50260201835485
3,2,86.65930538737935,99.72779349051936,63.08312523191859,221.41591802069712
3,3,436.67999281297557,82.66171147998435,96.22499858210493,254.4055812128954
3,4,357.46824738207727,83.85074574219973,83.23821698683221,245.6769084301735
3,5,575.1592372783815,88.76317482627742,61.208021077380536,198.43059122495012
3,6,513.4844514639875,110.21600768148089,47.01503038497281,129.31984358145277
4,1,191.23777833574414,88.90889168588811,78.91304303139759,236.14655195223435
4,2,80.59572663105021,104.33951162089328,60.98241184646123,210.2385211381443
4,3,439.7094803720369,83.39737983956877,95.24762987756314,253.04138681832416
4,4,359.5527773580143,81.91172352872337,84.55759407895063,248.77142124758268
4,5,572.9027384884223,86.7519921163986,63.043366209121075,204.56592979826476
4,6,512.1491579838085,113.00758942102371,45.860933870961965,126.19143343729695
5,1,196.30462185097448,84.77896288786718,80.4712440814789,241.1960129024037
5,2,75.28452427391316,105.58510159015498,60.84615796880835,205.53498779294898
5,3,442.2141309194111,83.71055533007335,93.11653863275144,248.05712610649377
5,4,361.4837139579516,84.18085957115535,83.67809997738324,244.65794562755954
5,5,571.1118157592015,86.07854204584561,63.58786998877356,205.77029589386632
5,6,511.2442902494735,113.94045595520458,44.94595023816267,123.63640858121516
6,1,201.58131204015964,84.87561287213131,80.52682183687413,241.37397914432444
6,2,70.87562864910059,105.09441557422885,62.35441771329624,205.8362990318174
6,3,450.00919380806596,86.7294627369338,89.78745011069587,239.13083036543063
6,4,363.7708052114343,89.27806165080092,81.27040564409947,236.02180288892416
6,5,569.4884728296814,85.86899008314441,63.705646592396036,205.30691701090115
6,6,510.2100713290417,113.4785037806621,44.02481128361193,121.38935419174898
6,7,181.537148283481,97.39128921738369,37.17095212516453,156.21742156523263
7,1,210.21797771427518,88.51505554433787,78.33613576136823,233.62385801703593
7,2,62.175419199212776,96.28673782017191,68.48982494368495,223.96548401211686
7,3,452.27166019212206,84.91726748849825,90.65459686712906,241.84518368353935
7,4,367.80678571581007,92.41510153280385,80.12994909259137,229.53950669744285
7,5,568.2381165841688,87.20949307494939,63.08508381905493,201.53647950241026
7,6,507.08150963448,112.57266905054662,43.67030285236744,122.11476634406213
7,7,180.66662003590562,97.38465938158186,37.1701506322031,155.4514173368604
8,1,217.7417897272359,96.21128002846764,74.44094056972004,219.52375607789818
8,2,57.44482220663416,96.61557894295464,69.52290082826553,226.1754865438627
8,3,456.1962413683728,87.05603506385627,88.60274402415635,237.31269774249958
8,4,371.5743465523549,94.81903591902947,79.01708962267718,223.92161081452033
8,5,567.110012549434,88.40840703687556,62.92785644360203,198.68843580028738
8,6,505.753169897701,112.78941810829951,43.309149907460586,121.10488487489754
8,7,181.27642063576818,96.5702546669127,37.65981039192002,156.09806444050704
9,1,223.40946420507458,99.0319176740075,74.1615173234749,215.81702933074712
9,2,50.61149236199709,94.072385222573,71.07614351068737,232.39239831748338
9,3,459.74669194595407,90.59469807349798,85.3667851789331,229.5349282422674
9,4,373.4707399117498,92.0719532722135,81.4442638393603,229.10935570051168
9,5,564.9255242520021,86.10617001568569,65.15169929159109,203.1003129151184
9,7,180.53107912639808,94.82551723294634,39.015859725154,160.7197488637001
10,1,227.7821352445864,100.67573344934574,74.36619717030452,212.53121485788907
10,2,43.96465453928965,95.13420874091106,70.9064881426515,233.34066504287418
10,3,463.2608027677426,91.15595112001358,84.96474301168769,229.61209020517362
10,4,372.9703243422896,86.98124537967256,85.15839254709779,238.4968117958734
10,5,562.9734103420591,84.60325441602647,67.00793173558469,206.02180434497492
10,7,179.78516810302315,94.21420692288291,39.76534593633166,163.04162831241115
11,1,230.27203832835653,101.90979132079957,74.8544585613096,210.07503081366337
11,2,35.40853764445976,90.91261149126717,72.7022676550959,241.6083680456639
11,3,466.7913316180319,91.32336957891107,84.82320964991906,229.7418375542137
11,4,377.6460920609366,82.41752143221365,85.29356811235434,238.00977964353973
11,5,560.8978483157728,84.05093571765504,68.48065418018281,207.0791332381127
11,7,179.5267738279947,93.99791047135521,40.01144688383627,163.19513429995905
12,1,235.61653701569932,103.6741418341387,75.2248216195689,207.241322222906
12,2,30.930948249840128,95.89680848058883,69.02697296333415,230.24560041783784
12,3,470.16718348545794,89.99803033651887,85.7725703956144,231.24423646158687
12,4,379.38155017446604,79.99253052394681,85.87422924894241,239.18687884232912
12,5,559.3939591138015,85.19146010721283,69.23767648726252,204.7668690371891
12,7,179.52028038627196,93.92863920162608,39.930836405394174,161.86700884899528
13,1,238.1565410372483,103.59036519918924,76.45762250616441,207.66976112068582
13,2,25.273457137810567,99.25975997464215,66.67977121015213,221.58872122803405
13,3,475.9486720042735,93.50711750509893,84.19455796789977,223.8289338587312
13,4,381.2081620502223,79.10636786275448,86.1889870407692,239.64262255163683
13,5,553.6725046968685,85.64383891961046,65.91204549365676,195.8279543340779
13,7,179.52377389698506,93.91317389626724,39.896361107270394,160.00001224374728
14,1,240.07695919634568,102.17083074294536,77.90922521829464,209.2588716490157
14,2,19.299866740303194,99.15382841303517,67.33017642826414,221.07616073702263
14,3,479.14803323694264,96.83461180681806,83.24971946462433,217.7422462272662
14,4,383.65552728541104,78.80102288505776,86.56568679875313,239.82344075001043
14,5,550.6753608570119,85.15141768551084,64.42818612189895,193.09545804357515
14,7,179.63031454020768,93.24104853570113,40.354589281956684,160.65161617223916
15,1,242.58745590172364,96.26122263171186,78.49583817991318,210.587365421333
15,2,12.201469347256385,99.10898972509126,67.76006586634205,218.22844631087614
15,3,480.371732898625,99.36510162202597,83.86111897047101,215.6334236501449
15,4,384.8999382197497,76.72194290534553,88.51364821848347,244.54529694697206
15,5,548.3813190177723,84.97924330068047,63.07684285001331,190.10450702152482
15,7,179.436230651752,93.66968655395965,40.324688089248845,159.55511042390174
15,8,604.6176885519283,105.22782980166443,31.960907032962115,132.14896563954983
16,1,244.7287895861001,91.36977089919023,79.95205014483523,215.80426019040613
16,2,8.320692098716847,98.41503113710391,69.53465689742491,221.19996857077138
16,3,482.6853056669133,102.93586777609669,82.80556700924889,210.2513501812987
16,4,385.84931759453576,75.30846737566429,90.08693304316657,248.28528246725193
16,5,544.0690260169939,90.97655312892381,62.28782689206827,188.3586025280297
16,7,179.2852635125056,94.50985942169451,40.4711112224152,158.47442981797073
16,8,603.1545988888078,105.01822125891727,32.30628992679902,133.33274062129584
17,1,247.50642427466587,86.9193528635513,81.53893112395366,222.39420379718013
17,2,5.049272362637161,94.17827182913265,74.89900207108258,236.89626436382912
17,3,482.9262327842479,102.15309027726954,84.03885345351178,211.11117463473084
17,4,388.1974888129837,74.14470392034842,91.12360144541101,251.00383500316556
17,5,541.2538282730437,93.19311849717062,61.27087593339368,187.75516300418553
17,7,178.89372066736343,94.82860876887565,40.5305552792433,157.4086042320888
17,8,598.0121804020109,104.9601624917811,32.21675183961944,130.8056535725482
18,1,250.46123723783478,83.29725807186892,83.29798646888663,229.4787090199291
18,2,2.4782354271490945,88.0888324593763,79.78202859047563,251.10945716767895
18,3,485.5090431366894,103.1600884833376,83.33653909946825,208.1663702100497
18,4,392.6682772130455,80.95346783887395,88.78085254286563,243.4776148281998
18,5,541.4689815369472,95.99599465663961,59.24600977475034,184.8997146946418
18,7,178.65591370759608,94.94829093075147,40.74021226540866,157.021720137129
18,8,596.6030338138246,104.95080808073638,33.079031994760584,132.14605847710112
19,1,253.4200199289972,83.90285607457413,81.99759435832016,228.2696341595682
19,2,1.6790736872053884,88.28574640880818,80.95314096572932,252.12859896456084
19,3,489.9833708029867,102.12860044523316,83.8916739925393,209.20771551560114
19,4,396.8195000795673,86.28818414138239,87.43145234949105,235.86165247306482
19,5,544.1496104214699,99.01992210591223,57.54619312368879,182.538636885068
19,7,178.40814802289287,94.32583443221331,41.14301233293984,157.5573306348854
19,8,595.5396018629735,107.05486861225016,33.29036557545567,130.5305220212351
20,1,259.2013250164804,87.49335063896056,79.74799856136684,221.82710719841347
20,2,0.6464698014970764,87.1170759283228,81.98434214385338,253.6855545361763
20,3,493.51586036376113,103.04384712654186,83.47034522391505,208.34152281521693
20,4,404.642497362687,93.64120375158461,84.21404233750769,222.9650180061085
20,5,545.0735899648014,103.44930563668656,55.23010543817604,178.3634749687578
20,7,178.31890095038528,94.09277917117294,41.29332436398355,157.10582099609002
20,8,592.0633639611794,104.33929358217698,36.261616610417704,138.30888070838776
21,1,263.9915248707581,90.25076233723992,78.68326198874897,217.99672857946481
21,2,0.9507707638309455,93.21760804956602,78.65791222789453,241.8026872666399
21,3,501.355918692169,100.67119150794608,84.73558412404128,210.11258484585585
21,4,406.1468903626324,94.30195638874638,84.86384999514031,222.30065271164548
21,5,546.4269852174574,105.70772003315253,53.86414604662861,176.87860151620782
21,7,178.04919417673207,94.00720347245684,41.82875140976176,157.61033270838556
21,8,590.8239376347685,104.04443207024855,38.064801584990256,141.05761000526337
22,1,268.1956774220164,97.95840843232983,76.47434109631193,209.24656791716427
22,2,-2.6466666768411002,94.98000793819487,75.87129679345189,235.6942257274167
22,3,507.56467101273944,97.76766017197092,83.70226540414396,205.52355395449055
22,4,408.8213933749396,94.50257323350019,86.0208259046187,222.79189124776013
22,5,545.2904771653098,107.43674691774848,53.344967483816674,175.17384696139578
22,7,177.99039310555716,94.64033465187181,41.95025229607442,156.4835789432358
22,8,592.1616349449732,108.59951072873879,36.61873507823023,132.75234542652842
23,1,270.2351524697985,102.88457274897172,75.00787074005657,203.28673180611378
23,2,-7.090627918799534,97.63938756208616,71.32142356015761,226.73083148041255
23,3,510.2747064080574,95.30211840919195,83.57967017848848,203.8670415280803
23,4,409.7351502763408,92.52922171455668,88.38368176128651,226.38272244303568
23,7,178.01025371580323,96.21086631180751,41.917435890701015,154.73735448309276
23,8,591.8937332906953,110.37645551321991,36.4643067993482,129.45972483214288
24,1,274.03347339521974,105.3343251659592,74.13092509617591,199.1375526084958
24,2,-13.811280182276736,95.27137446200473,69.31617864867023,230.76309070663018
24,3,510.918840358951,95.05841500771078,83.29609404422787,201.9905961456849
24,4,410.1168512294062,85.13826609819586,91.62767974861234,233.7301985649866
24,7,178.18955534271748,96.1327305794117,42.23211377832228,154.09496459250968
24,8,589.9644683423371,111.67486163728134,36.76477091661324,127.6091111676675
25,1,276.9727998857103,98.7709858770369,75.81904632681602,205.1088999815389
25,2,-26.33810895876337,73.26150329704225,84.33484257741091,300.3043040365648
25,3,511.20871380030184,94.3044364992702,84.13981663629522,202.7067668737534
25,4,415.1796673997797,90.8653691095826,90.04076269501151,226.0300677395268
25,7,178.1908943593793,94.76722020128841,43.148397369579904,156.53187093314745
25,8,589.1056718736722,113.47422895737583,36.59593564666869,124.25566394776945
26,1,279.700895749893,96.37039479409151,75.58309893869263,207.31436231114265
26,2,-28.922850277966035,66.67140653290193,84.93470984722249,323.10021053222147
26,3,511.5627985769652,94.03094680806417,84.3967844144311,201.7055754914392
26,4,419.22615278242665,91.7680844394414,88.29525563350369,219.0229060126265
26,7,178.12119750977283,94.25499462345905,43.6296642292337,157.45204601262986
26,8,588.2333797582638,114.10399217119405,37.074289779869915,123.73359273728317
27,1,284.7852708949204,93.46440914713892,76.36214019125507,211.50189661987395
27,2,-34.41382511972336,63.71819376090056,87.38398748043707,332.4184282532692
27,3,511.7851172066269,94.60329722480246,85.40481745207796,203.39327647852477
27,4,420.8996633529859,92.08350067999442,88.39323372024619,216.469821602715
27,5,504.76336954986635,101.89515190230036,55.56652376504155,183.91088050441564
27,7,178.09367425084085,94.72117220023023,43.810697549530175,156.48707235130922
27,8,587.0979339955717,113.62925175593723,37.61929823155659,123.58267536696516
28,1,291.73913663047637,94.34507227930419,74.22885656813939,207.18378859356898
28,3,514.6054984557762,93.498105367423,87.40939943224923,209.3697488295889
28,4,424.94725137998785,86.8242837460436,92.06664533684015,226.30827633052118
28,5,497.0452597152024,96.0614644544986,56.65807612135546,194.00583750673923
28,7,178.1679193620587,94.90095697384768,44.36728080621681,156.78454015811775
28,8,586.0537640513885,114.76295150253854,37.812760882968476,121.55556661227044
29,1,298.73953216756445,93.37037907210228,73.70457554064535,206.19737305286333
29,3,516.7023966503814,93.08938110277114,88.54902277807139,212.9430020972057
29,4,426.68551281744203,82.93867866610708,94.07886998408479,234.5005012910022
29,5,493.23468506273963,93.37288331633518,55.991214559818836,198.8346859492348
29,7,177.9424219004397,95.62971063198947,44.417041701710424,155.57852551583187
29,8,585.4849708439298,114.48284402592859,38.33770600625994,121.51409308734922
30,1,303.5093976226063,93.01723837564852,73.5359792087856,206.51632231205647
30,3,521.2867743721731,91.63155546747595,92.36179505407064,223.49544213929522
30,4,429.44970673975376,81.45687338445346,93.0405512133177,235.04695990371184
30,5,493.44822003997075,91.68618998986892,55.266592653058396,200.03409997736787
30,7,177.30420054739167,95.90450734975687,44.87131671364937,156.45271059297403
30,8,584.7001438590594,115.07164066284878,38.04879301420681,120.59820361747968
31,1,309.46156355888513,90.90993173990793,74.09951040098026,207.32013126684086
31,3,525.1498288860731,91.08737495130242,93.28789460674518,227.47586035321325
31,4,436.33323374456427,84.19332237168629,89.92971723742932,228.66324953521774
31,5,495.6903730970905,94.30571845816961,53.638192209122934,193.93459610470026
31,6,469.59164932037055,98.0530530062849,69.75339972537522,190.75016379178993
31,7,176.9942719747467,96.00416549570433,45.18017091203769,156.1255254518559
32,1,313.181550214002,91.45329018069967,73.66985224875769,205.65754740632906
32,3,529.5325480791658,89.59091648586316,93.50613881153375,231.5828820891655
32,4,439.31538954046965,85.27604729269741,87.08830755227511,224.1923319969433
32,5,499.3088358483456,96.6702734345772,53.21127556300064,189.52687739292028
32,6,468.04464516143446,97.42754311923842,70.83453973695121,193.70663212700217
32,7,176.78289952479344,95.37602091193956,45.48475237663605,156.66674380197057
33,1,317.2121641826575,93.00763535501488,73.19236671192488,203.71788489569877
33,3,534.0584715811135,89.67832890246653,92.24029570173767,231.81351785194224
33,4,441.1242624754673,89.69148723796114,83.04840069153028,215.86978669141868
33,5,500.4265566727429,98.22643803676287,53.12654122153777,185.20330358951927
33,7,176.54503533503362,95.7966933708429,45.25649472449613,155.55324015212213
34,1,321.3582053879721,94.93519571174076,72.71300474757759,201.01757795295936
34,3,540.2187522380696,89.73233145224447,87.89291397210158,222.6865497606289
34,4,440.79322863980855,90.00253199995433,80.57147533520266,212.79007870350682
34,5,496.46368723893124,93.46885063448573,55.41359437297642,190.92836067139575
34,7,176.43064818526005,95.95471254443487,45.22032483255387,155.1337721340043
35,1,325.5978890449053,98.32937323980053,71.47026830446259,196.0362989464969
35,3,544.2720521993027,91.77262063563697,84.51526750127746,213.7575164431052
35,4,445.18468720701435,92.78684913806082,78.5054891210493,209.03729575833015
35,5,494.3878595787904,93.69070940038114,54.98584078712152,189.75514014161263
35,7,176.36615861990495,96.01135441661128,45.25392294668815,154.982432690888
36,1,327.5204040400581,100.93521444992406,71.29027894590914,193.54675332974963
36,3,546.3502572935029,92.54843868635888,83.83789342301735,211.08529553810217
36,4,447.8911383661596,93.39794786458052,77.79396684815934,207.14270729744095
36,5,478.6484977243138,96.43721784919238,59.15365257336883,194.57903365665183
36,7,176.03910311225954,96.02967817181003,45.21486402022115,154.93254567592672
37,1,330.3261997307128,101.20660853348488,72.07137214562047,194.69176440903163
37,3,551.646307599664,93.50340198217543,83.64536845050202,210.79274174885643
37,5,469.14721896512043,94.85499290088636,64.17229779042353,204.22458043567403
37,7,176.4549645015957,98.01876665595555,44.78889763857821,152.93554000107798
38,1,334.69933445763667,99.95458715014247,72.73256453334916,197.15602033031357
38,3,555.0097621264863,95.18798166054283,82.54361918949688,208.0500359077885
38,5,465.9458512476708,92.31753578303639,68.03515505953048,211.74171703518869
38,7,176.49069568936181,98.1012752083776,44.878273340187285,152.85415812719188
39,1,340.0055321099484,100.12643552617146,71.31752972135438,194.14958224570097
39,3,556.8503870123947,94.48194221589058,82.02013743618707,208.3840712730628
39,5,466.12984072271394,90.68789621067634,70.1812106099106,215.90839432178467
39,6,441.52287581501054,110.54077218360617,42.5624426842372,123.57694091426114
39,7,176.47395971436234,98.12209434225281,44.975656991368346,152.8367969013476
40,1,343.81436850691756,98.83845725961918,70.82610241531448,193.0434361697189
40,3,559.9778403930663,94.2114836683807,80.69170026783334,207.8746211659628
40,5,466.2635795236225,86.83041412177322,73.12490795029836,222.63022638257544
40,6,439.239628116923,108.52684872583092,40.61445781493457,123.4754167120608
40,7,176.156539670686,98.1201704387456,44.97529211763786,152.84290259577338
41,1,346.29050811751995,97.01516895024496,70.88570025988002,195.33320736378832
41,3,560.75126468898,96.09775098492554,78.75431398831905,203.7266021845548
41,5,468.1331876070532,86.00240758887618,73.3951805129549,220.6421382448486
41,6,438.83489038121274,108.90497374488304,38.83418639001055,122.4699452640825
41,7,176.1209835740624,98.11066735543345,44.810522110533014,152.19444234678784
42,1,348.76376633750766,93.68951793080944,71.51167153240156,198.8581132988462
42,3,562.1311022848843,96.80251891643944,78.25096236756669,202.19975478111755
42,5,470.18435230365236,85.71476008966326,74.39488382737436,220.38412471673718
42,6,439.1348972938104,108.33414035219397,38.988752397950485,124.99996772698937
42,7,176.1018228366519,98.098974467077,44.7653320012602,151.96101465573196
43,1,352.1964149752714,93.09739874355323,71.08960076542127,198.8905917108548
43,3,565.0340046025833,101.05506546281052,75.75439771337147,195.6717028938989
43,5,471.0456324717505,85.63375924210911,75.43459008993365,218.24337181079676
43,6,437.9220289110029,106.75668229093827,39.85200721864321,130.7647899476329
43,7,176.17294338029922,98.08779805205215,44.597177953095404,151.22252802860177
44,1,355.75435648629997,93.548520191355,70.08592876849504,196.2698414563525
44,3,566.1423307700669,102.62981525440583,75.2103630216729,194.63307269034556
44,5,472.13376030184554,88.91891824896994,76.43456664942354,214.05722877907257
44,6,437.0939220301995,106.17913060058297,39.74580370952693,132.9086953558766
44,7,176.10383110961504,98.07732589626318,44.7310303510752,151.6202814674304
45,1,361.3189102551839,94.40134093376825,70.25748007958641,195.94852214831442
45,3,567.6878390723184,105.18347795779366,75.24889096040324,196.32231818679543
45,5,471.70619839341754,89.53454711038962,78.6271711236001,214.38234341076864
45,6,436.8102207449728,107.30314849967071,39.16052076884216,132.39337989171926
45,7,176.15751279915267,98.06838710686178,44.62646529155503,151.11972672894572
46,1,364.8228005668809,96.71744059381709,69.85942110133763,193.19420863305402
46,3,568.8146669849447,102.77245505474023,74.66762274220515,197.00187600081009
46,4,453.33335005670284,99.01066474830192,65.37246049266177,184.08794452381525
46,5,476.9614402087537,86.47990935740575,82.52984226733581,223.0333277822562
46,6,434.64200236878247,107.74113587419228,38.54973800524871,132.8541406321234
46,7,176.08324540275214,98.06012128674605,44.7804360581806,151.6043257686674
47,1,366.95190524513356,96.9321047671345,70.43230446394853,193.5058715399105
47,3,570.217879195521,99.83444316845296,74.97944111736972,201.95423898048585
47,4,453.58835422819703,99.878282819864,62.3872953090254,181.97150598278043
47,5,483.98726056881435,87.28794151798326,83.64889056739501,222.35444099701346
47,6,432.8258999042598,109.2380530534623,37.80145002991736,132.3541451249007
47,7,175.76969795249042,97.39199696570086,44.75196145355738,151.7962012526081
48,1,369.18438987486894,98.3344190732714,70.82090811912734,194.3067622564145
48,3,571.1536876200943,96.09160259716724,74.80981797350056,206.45825745504717
48,4,451.0190569586123,97.45813072953626,61.35806109374156,184.6570429423694
48,5,489.7520822179185,89.59658037716844,83.9742746873193,217.40934850220026
48,6,430.23377216999853,109.80118085338563,37.49027112754535,134.15442870251394
48,7,175.6746669983445,97.13677636079073,44.69844623935799,151.87619391579395
49,1,371.6920078650446,99.51790550857977,70.0103252555917,191.98188514138914
49,3,573.7171858175248,94.00500066904362,73.4697695669363,208.18284966850086
49,4,449.44204992585685,95.89996900558215,60.2587622158157,185.68869905440098
49,5,493.0806017940686,93.14836521791771,84.44489242283461,210.80582621633445
49,6,427.7110236152503,109.34514993397852,36.64459012169536,133.50059159857392
49,7,176.02743814787192,97.04026229604224,44.567927433853654,151.25129365495883
50,1,375.3644995247553,101.9499236515166,68.61175445442846,188.46049648936219
50,3,576.2011722327786,93.86955528327287,71.12284597399585,206.86697831911934
50,4,445.9777160994193,99.96651445866978,56.935041252565625,176.15318747392323
50,5,499.2067211013742,95.8221653326331,84.784968417425,206.28349359223662
50,6,425.6537063154118,109.48222624183568,36.700961117019354,133.70697339022982
50,7,176.06518800694045,97.00459549240618,44.71538416973786,151.6832926409222
51,1,378.66861626444387,99.50486593140921,69.29334344560505,191.17770552200105
51,3,578.4488991843577,95.8139955635229,67.47684270914999,200.41055449339711
51,4,443.2505132057596,101.51231157120003,55.11704383891437,171.24183694197666
51,5,502.37618703362546,94.79223174610502,87.00034672381953,207.95342812348065
51,7,176.07438258673804,96.99217647980801,44.783328753286646,151.85181004783115
52,1,380.89147062430465,97.26937469388946,69.9850355793059,193.52338193498053
52,3,584.2703807948938,98.57274499371928,63.33736880025611,193.9450231784889
52,4,441.0957468750481,96.61483454186309,56.88255591666116,180.43141344151095
52,5,503.04183743279015,92.40991435269899,89.35414615286058,211.89181584196075
52,7,176.0732124005193,96.98853500273158,44.81991917352742,151.91980663706195
53,1,386.1593317370532,95.1001163573425,70.3719920827568,195.08590341087262
53,3,587.9103244242082,100.27094751269657,60.043330118031385,189.5579870469317
53,4,441.4281679530124,95.52848386401024,56.65917756976693,183.72013601907912
53,5,505.7317535324436,94.79323181241722,87.83848438598287,206.1390182657246
53,7,176.06849994034854,96.98813681734131,44.843418279539854,151.94872458155567
54,1,391.3763001944942,94.27993782856294,69.7615865697307,195.6854876922747
54,3,589.7344197036431,102.90137644012287,57.04058319374191,185.3087159613279
54,4,441.93644621574384,95.77316320251325,55.25693779510046,184.37136993865238
54,5,507.10302131675996,93.03507948664041,89.6881681370187,208.58615171311348
54,7,176.06282861259643,96.32803429982506,44.860960236435034,151.9622660697618
55,1,397.49521987320463,93.97986553383815,68.89137339953983,195.25369265577237
55,3,591.1345695888597,104.5261965431524,54.99745861695287,183.8111515607966
55,4,443.2243795231591,95.21347983913091,53.2810765503192,183.32095464389346
55,5,508.77446783780584,94.3622375095075,89.89172749171999,206.19294450348852
55,7,176.05715453111745,96.08029148134976,44.875384376767784,151.96960348662108
56,1,402.9000015816095,94.54003849051631,67.38382736016946,192.44597397629775
56,3,591.7420093463941,103.08435405343096,53.9377868897194,186.01484651575913
56,4,444.8210326029853,98.32276420898874,50.39053071246031,177.63781655332556
56,5,511.08334314240784,94.19747211479206,89.74863912112134,205.28769590413808
56,7,175.9682684435481,95.99042759731967,45.054949308400985,152.63514020819906
57,1,406.32133315629693,94.10157512456944,67.7167404369866,193.37746712286403
57,3,592.5375339289751,101.20141476103251,53.6358732441976,190.86982471260518
57,4,444.278597994807,98.49890842093274,50.086369641450396,176.56767664896034
57,5,513.469779177512,94.12761150550841,88.47751441116652,203.63444968188168
57,7,175.93938276959807,95.96051083467874,45.11392295583692,152.88701464033645
57,8,583.4658749674504,113.04421299437432,38.94834468808021,126.92340280816725
58,1,412.93266945737406,92.6250613886824,68.79772687233037,193.73314985479894
58,3,593.0148874595141,99.16733425831052,53.07792870204378,194.69686049719616
58,5,515.8445170287182,92.76428125897223,86.86349080892057,203.03089191433043
58,7,176.01627639307839,95.95322128239741,44.96107846276332,152.32096498023867
58,8,584.3787432685722,112.34390767301666,38.47459846972514,127.71035191828216
59,1,414.5508904276271,92.73890500514898,69.99891436578359,193.87335414436347
59,3,594.3857839554979,97.73030508338118,52.364208955827976,198.1423285939784
59,5,518.3059744608803,91.5860887456256,85.60954886560691,203.4899007660448
59,7,175.75910532699308,95.95430345901886,44.814894121742235,152.10489629546908
59,8,584.123840376895,111.41541195058103,38.23042208147146,128.6638881181373
60,1,415.24062003144604,92.13591428817664,71.9533454356984,195.9124016815954
60,3,597.7332349145191,91.94411130679293,55.53094189333777,224.35105639020264
60,5,523.8949252931143,90.48407924552619,86.25337017019032,208.31835758498218
60,7,175.88396524750968,95.29676758007295,44.978525749723396,152.68531803290887
60,8,584.0890839729877,111.1825045176684,38.346514022981516,129.0546203623859
61,1,418.17942645291254,94.55313826350893,71.66272477255379,194.04853982491736
61,3,600.1035426302418,84.78853230401792,56.95175696341033,246.58114018127222
61,5,528.7602720271495,90.73326067823935,85.40927620979156,209.4775534102898
61,7,176.01726437127175,95.05258362290881,44.87007329378385,152.2445990267524
62,1,422.25376522313513,95.48976317010582,71.27656647008065,193.33191516677124
62,3,601.2251870885923,83.41162058353754,58.06157137861522,251.39397994736396
62,5,532.0110615954544,92.15551546793625,83.42261634399816,206.62353558556214
62,7,175.9675546672585,94.96586785404013,45.03032808937452,152.07668311947546
63,1,426.30578843896353,95.18094887706602,71.1077892363042,194.38994912332657
63,4,400.475982553512,103.77734962184732,47.37203093543151,169.0574551617463
63,5,534.4320359013506,89.39047209147508,84.0426947331336,210.1665115833438
63,7,175.89350235485415,94.93896615621495,45.201552191410144,152.0142278685792
63,8,604.7856769300606,112.70005309890098,41.42837003557491,153.80849038374595
64,1,428.2878205262148,93.7440592438095,71.18146385228789,196.7703482659463
64,4,397.6603872427022,104.09324432267198,46.784068781818455,167.9684823064904
64,5,537.5157724410761,91.64813036845186,82.38231934528935,205.5736400081201
64,7,175.7313304843316,94.93428213886543,45.53456250535884,152.65311872602314
64,8,608.1836226575849,107.11192050962447,38.037896686930424,151.00407947738324
65,1,430.0211604831969,94.51746776717863,69.63974207839166,193.06530824911385
65,4,396.60493885825144,103.5296390037887,47.494987399170725,168.27749055952899
65,5,542.6336032799907,96.52184038985453,78.93801291756779,196.4775730196996
65,7,175.63206983035275,94.93726550625618,45.7362249681205,152.89458408229103
65,8,610.0174286138702,114.67088536135604,35.52804871848662,147.1833341580767
66,1,436.5929232473529,96.1497903789083,67.53108812966956,188.3122497811683
66,4,396.6203906756866,101.97713397093109,49.20000884336887,169.75699263215168
66,5,545.8774023618515,99.70287257860751,76.76396867357366,191.04926163554555
66,7,175.39161190834207,94.28277405375597,46.218181827110065,154.3045628419035
66,8,610.3029604555453,116.27039807374229,34.585975167185254,149.57659946403442
67,1,439.0760490975073,94.7570667387168,67.08388749152601,189.21562457896871
67,4,395.15878984543997,100.0597867961853,51.042192939705956,172.33058760371995
67,5,547.9862466303388,100.16668621671757,76.60800717496471,189.7943722170253
67,7,175.36947690514387,94.04009164421123,46.26271417134833,154.1751239941874
67,8,611.1062728036857,122.05805018181249,32.104751261394384,140.69305304489438
68,1,440.6495616864201,92.91636544924847,66.71209202143294,190.2301744892029
68,4,392.8398215656822,96.69773063800477,53.51314194070021,177.93519445293532
68,5,548.7928508470067,96.95876892187648,77.63499628552314,194.08362478034613
68,7,175.08625663985595,93.29468025831129,46.82911668448893,156.09709308559306
68,8,610.674204803692,116.2861417277628,33.75071288407578,153.15011925035705
69,1,443.9675382539808,92.8887258351577,66.16273945225652,188.64488289970794
69,4,388.6302676031748,91.5171163031275,54.75401166503401,181.36046884877663
69,5,549.7649132610668,93.77639606046588,78.4992070903165,199.0094366480779
69,7,175.62898003591266,93.02015822672635,47.05688833833244,156.15728516448883
69,8,609.8189200087693,104.66835667126378,37.03676543208009,176.72609698756452
70,1,446.50329318594453,92.22441921130282,66.44805447409001,188.72358516597242
70,4,386.38057562938525,90.19493765784594,54.73210628671763,180.70550908943704
70,5,555.9684397391309,97.16559804306026,74.21368272628396,191.04333805658067
70,7,175.95218280368817,93.58363218058426,46.91077932750482,154.84846765289097
70,8,609.6765216205597,101.40126709764168,36.687358032922155,182.76657722329415
71,1,450.0116333002544,91.98442562510294,66.50741410852639,188.76965264205927
71,4,384.49079581995466,89.06892272661408,55.03216500593418,181.73998885876122
71,5,559.8406240797029,98.48687239235998,72.7044531490833,188.64014163134638
71,7,176.8309281863579,95.12989312705182,46.660046155563045,152.3546067499591
71,8,610.4090206439568,98.80760488809649,36.06784587877444,188.26162287610745
72,1,452.69631654165164,91.24232378959604,66.87389885884997,190.7886586429414
72,4,382.74833957070206,89.33432393454082,54.760299240466836,181.45564642984792
72,5,563.1158719338507,96.28479688538121,72.27400706989887,188.46887719947955
72,7,177.42498933308042,95.05393516746003,47.36134420394232,152.73840718380904
72,8,612.9376494627422,101.62586449455996,33.17271696437581,180.1446564083872
73,1,453.96499425005396,90.97338351002976,66.9333714695495,192.21584308120023
73,4,381.44992658949894,90.13229094792197,54.15320246464591,179.3499910554142
73,5,565.0126879190909,94.1277143739832,73.22353621187709,191.77716544854314
73,7,178.1364816877502,94.36335150312092,47.95190854299444,152.2239104928496
73,8,613.7521624501028,100.64490380235463,33.78265734193322,183.46095631976
74,1,455.9610383532124,91.54214945495575,66.32888181742848,191.44183506527142
74,4,380.2991248334669,95.10274236855301,53.46052273589125,177.86948186445204
74,5,567.2387746047522,94.64445620833072,73.0087521598711,192.37935586405894
74,7,178.4807055578169,94.10241594959864,48.664897854846764,152.03308253669562
75,1,459.789251594021,90.44868080170924,66.99430271386628,193.78915508817735
75,4,379.13107374565624,93.68112418905982,53.52998384945686,175.98109862158944
75,5,568.900030005199,96.83127071279785,71.74458894953582,189.98701196221572
75,7,179.33778334813303,94.00672946009252,49.43789692585642,151.9661689646806
76,1,462.11497124431287,90.04615536120461,67.25490956106502,194.01125377687785
76,4,377.06962983668643,98.46239789924121,53.000510248815516,172.61521950843746
76,5,570.6990096228365,99.65763365770712,70.03574988940483,186.4420408819921
76,7,179.15143479884944,93.97387375327041,50.054961942165576,151.94601669838406
77,1,464.1559526361083,89.9054234747494,67.44727143905351,194.0861292323753
77,4,374.79356928290787,101.5995686121468,52.656615506122996,168.69131765636652
77,5,570.3333776297658,100.03906427405462,70.60718055797953,189.15408029184204
77,7,179.9353256546295,94.62625762006695,50.52840106704889,151.28156815218892
77,8,565.3350621302932,104.12203525372394,27.61162662638178,149.59150228448908
78,1,468.08849711454974,91.8428453583686,66.91815180385194,191.46739523349635
78,4,373.1281004192409,99.40158038537795,53.01172579067597,165.91448400891952
78,5,571.0669305766637,100.8269175790131,69.61978260175158,186.87467661755068
78,7,180.2206654549545,94.87495047784375,51.35498143323955,151.69846281725825
78,8,559.6823278953688,106.93587331082385,26.540171790074243,142.28456245866917
79,1,473.55465528736676,93.91663737644753,65.82673389857008,187.14861836725393
79,3,411.6902816453335,108.01773577392895,31.09236179837678,131.13412163508914
79,4,369.3527725068406,99.23647968626013,54.94723787730875,170.95837578419398
79,5,573.7834264389327,102.43654734443847,68.18568673657258,184.7043510128655
79,7,180.1257786261602,94.96795913983496,52.03255964179846,151.86078055196344
79,8,558.1641284356775,106.96749214475741,27.41397290014644,143.80627417526955
80,1,477.87757452774247,96.03251611065596,64.63189745941277,182.193939668082
80,3,404.8752505036282,108.10664966966269,31.47601532125448,130.4785606419622
80,4,363.3186431638235,95.87788933935286,55.19257395677824,171.50711388298316
80,5,575.4460598925514,102.3510546612352,67.54643185202292,184.59179670352216
80,7,180.37948037948735,95.66283175910334,52.33067016558015,151.265032110991
80,8,559.273950767735,104.28085044860191,32.00228549085966,160.53940565913985
81,1,484.1566137505269,94.79834820876714,65.9831726608371,184.40236754759874
81,3,402.4285488792176,110.52456322814885,31.296534460224542,125.11444883332558
81,4,360.4226834502703,95.24419013883875,54.6750787157075,170.4118997139933
81,5,575.6892694626573,100.96931150723584,66.60271357749211,183.9183275229593
81,7,180.03049025887955,95.26119445047837,53.29392752238114,153.03000472009558
81,8,561.5959358955491,102.02688431457722,34.975482235969245,168.50398097243436
82,1,487.4418487609055,95.0004394767599,66.2981661648966,183.91051390389757
82,3,401.90320545953733,111.23135597291174,32.236848648072005,124.52114665111091
82,4,357.6808905984772,94.34772511263661,54.67599019259878,170.67356747460408
82,5,583.0863336156826,100.43146196647989,64.79288008692035,185.02756323977857
82,7,180.82636831604668,95.10749432514528,53.74552552374168,153.03582355918522
82,8,563.2759077414238,103.0761527952345,36.842390619505075,170.98314215145226
83,1,489.441062205212,95.73239361453432,66.59007764631295,183.75256406500569
83,3,400.08326514144755,104.8090174817202,38.05412937616909,140.6628498763773
83,4,355.4485598424328,94.0202540672916,54.63667455556148,170.78490536299466
83,5,586.7313816073199,100.22002337007078,63.5623133147261,188.11649534478255
83,7,180.5171689380521,95.04698724234346,54.44462514131771,153.69514640231964
83,8,563.9342562924639,107.42615158998922,37.74158950205204,167.9448882917302
84,1,491.6625609919847,95.33506206524197,66.7981077250167,183.7179583540447
84,3,397.1684867582523,110.0643974946006,36.565345622462374,131.91325982629525
84,4,353.8749876224962,94.5695662620912,54.30903075253446,170.1767254860285
84,5,587.8757323507051,96.84423799410922,63.40901427410061,194.5566704667092
84,7,180.03733858167874,92.38631784836655,56.05760381253415,157.89625363304233
84,8,561.9374043587172,106.50522577527087,40.0703235383324,171.25679185179763
85,1,495.52319973720677,95.17633375532175,67.19116688902417,183.72721068720315
85,3,398.30387066890813,104.52939492037495,40.56001198704776,140.90266597567341
85,4,353.03394072478795,94.7877165175218,53.565045858958975,168.63298537205395
85,5,591.4864401265978,99.47499007709037,58.82230900102062,186.56718482872057
85,7,179.4328223978869,91.38714234921386,56.83337949005049,160.12212617024716
85,8,562.0458561237176,106.15916981069479,41.233148814630546,169.18642732793037
86,1,498.67723495917534,97.09755521137946,66.32761133703175,180.43747969052825
86,3,398.03126481472464,102.64064778955945,42.6210965668993,143.97002760259377
86,4,350.41800164252913,100.19184652194447,52.77572983360799,168.06493800044356
86,5,593.5245133390908,104.53088600772189,54.86131507824584,179.38790058844867
86,7,179.47078143185385,91.01348633593118,57.211215907571315,160.9556249652978
86,8,560.3692416513617,106.68595042558083,41.90849870549356,164.99832465596043
87,1,501.55049617152497,98.48285025958614,65.66953858692115,177.8828792717335
87,3,397.3030364334948,101.94465115037562,44.24175652595542,145.76349071475664
87,4,348.94478678804353,96.90592248641124,52.988160605820305,169.8595550176239
87,5,595.492595414306,90.24382961086798,58.87446598365635,204.34329684827742
87,7,180.19123376835873,90.22832339099823,57.88185726266421,162.55691262834458
87,8,558.2285496177203,107.55401027046452,41.91398367556766,160.6780900100424
88,1,502.5560560509656,98.3154572372959,65.95629846353194,179.63691748918353
88,3,396.8540946071321,102.3765203841595,45.37617295379846,146.38909474121425
88,4,347.7076056196136,96.32475945159018,52.62527307241271,169.22425979843928
88,5,599.2192079236285,88.42305415320708,55.528817583501585,204.19583676961284
88,7,181.1655717319085,89.28761198717606,58.67434771938347,164.4481458966992
88,8,556.1913309730818,107.21174573599191,42.45095440980996,160.35603948699185
89,1,504.9891191567196,101.5501153034107,64.38806260057534,174.35421172593658
89,3,396.6388990033512,101.91161033228052,46.04265736083719,146.56898157518575
89,4,346.96917177658844,101.39939065635475,51.23387404276139,165.6810648979023
89,5,602.3593682183622,89.04235941643347,51.98742803958091,202.7069272552751
89,7,182.1491516208951,89.5967036251303,59.02914246629388,165.13927315513322
89,8,556.6248108617356,109.73701869665167,42.330155843193594,156.90667747403396
90,1,512.5563189063323,102.7593884885504,64.96529061883413,173.0517343680171
90,3,394.1784864500017,103.74514277510409,44.56105708150536,141.29461112789295
90,4,345.27018168809497,101.98130170097335,51.748298259589795,167.02392462807433
90,5,604.1462363554471,88.05104987597443,52.340290688543625,204.08882580122378
90,7,182.83866010752635,89.07683338172558,59.809200825863606,167.33335583125023
90,8,556.0805706643939,112.02514193817537,43.1257066865072,156.25952340015547
91,1,519.1941908668828,104.5135643597823,64.59648667038817,169.27590988682704
91,3,391.96694551477987,103.13621810862844,45.337169539920545,143.24453154622637
91,4,343.46312842617704,98.21060742882278,53.10556381802421,168.85946510619692
91,7,183.08748502347066,88.23845709079681,60.09212899123034,168.13565821143666
91,8,553.6724691608234,113.52486255518753,43.90061119249832,153.36219910701465
92,1,525.8969965499766,103.11782165785186,65.77128136485283,169.93773941996233
92,3,390.86646820426506,102.9227155699987,45.62661229318412,143.28377246769247
92,4,339.8453538037972,103.36623104668087,53.04631220266048,163.63041138176823
92,7,184.04134105996354,88.58703523827947,59.089592789159,165.1281328766771
92,8,552.817727510482,114.19008546260869,43.756390819769244,152.85734471331375
92,11,619.0986014528869,98.22382768965286,19.38613324117994,115.50585733130482
93,1,528.238947211359,101.24761012279751,66.84423773299706,170.89323842845693
93,3,390.90603584521233,102.85671162104205,45.61429025690894,141.95057462389383
93,4,337.1236823313355,104.66696901634118,54.56388841182058,162.97506709515298
93,7,184.36938188402638,88.74018692599873,58.72540014901974,163.9287285824792
93,11,619.5201913070124,100.31187517944423,19.01869475443417,113.53225393160226
94,1,528.1127849487884,101.192055924368,67.60783487302983,170.6310711295893
94,3,390.68231709084097,102.84643439772458,45.550431356911396,140.0956191485028
94,4,334.4923646077092,101.79713828720762,55.8636392093651,162.75738038776035
94,7,185.22007643392084,88.8101759369635,58.41283283626271,162.796497722678
94,11,619.8918079796665,100.95613952000427,18.87515530103917,112.67539452165843
95,1,526.786352944495,102.48722557962472,67.47283332327564,167.91428835448863
95,3,390.2286947900925,103.52150975066486,45.709281052145606,138.72081508395567
95,4,331.506770149106,99.37372615186656,57.85837041425034,165.35865734504026
95,7,186.15306045664303,88.84786220813908,58.35106309019954,163.01668725585893
96,1,525.7087984169881,101.62512495925786,68.93568765324906,169.60611541235411
96,3,390.141461887283,103.11798903325588,46.36436472824417,138.87188184946874
96,4,329.4017493508215,98.4621868654861,59.40267306317869,167.00660997548817
96,7,187.00096484623816,88.87117109689656,57.95201157608406,162.42985569228054
97,1,534.365134158316,97.98487633874555,71.05125346599564,176.22221189485293
97,3,389.70508659614455,103.63729986414852,46.8309443967648,138.93177096293178
97,4,328.13680779640976,97.45890607548722,60.42141269525548,168.29976429439654
97,7,188.03082277201685,89.55043733971473,56.99623397417848,160.2138188575521
97,8,512.709258191587,111.41571895666317,46.24658803449677,161.25567618762386
98,1,542.9747297868356,99.8861703739242,70.07507671383924,172.832154874836
98,3,388.41734876268566,103.83966474919033,47.338024608195845,138.9570937288394
98,4,326.3411719655339,95.766775874452,61.61461205902694,170.7664379880185
98,7,187.85485762254524,89.15036753463106,57.04881275753783,160.7006192123275
98,8,509.71086439489164,110.49896886291691,46.50363629055926,161.91132568408642
99,1,547.9243689368232,99.9733680478269,70.11902110425534,172.172318139324
99,3,387.835330582843,104.58243424555316,47.79090562151636,138.96885806407076
99,4,324.69482048149587,93.82308033481542,62.16000360554345,173.00693120660532
99,7,188.18472377511316,89.66659066404827,56.89915568650251,160.22360681757647
99,8,509.14143443371114,109.51897635506762,47.67273358215594,166.0856841081436
100,1,549.985999709308,101.32958800103233,69.42273055726653,169.95033060323874
100,3,387.24930286612147,104.86449072457401,48.10063405879263,138.31304656940745
100,4,322.9172762677652,93.7518416009554,61.5227186416942,171.8820405476356
100,7,188.5612445627957,89.20400138031253,56.960112174029014,160.7078632873004
100,8,508.3440557770789,108.50113679596014,48.169379690388986,166.98284565002476
101,1,550.4521065523759,101.17246155744382,70.11173977367052,171.79022084852926
101,3,386.3561355923304,104.97001926235706,48.30130936493159,137.4047210188803
101,4,321.35969851306487,94.40695112482034,60.54354902221946,169.44965773009878
101,7,188.13503429478266,88.37177909021884,57.42161044659858,162.21467040497367
101,8,506.58879758191546,107.45742172039616,48.26425444054384,165.98569594937163
102,1,552.0531729300401,101.10864779695595,69.91915527885335,171.82887470794162
102,3,385.6349103316806,105.00779540564008,48.545876402107325,136.40437044017744
102,4,317.9316193571515,94.01207234671617,60.696010563205974,169.17734672538649
102,5,538.6323802259149,107.24245689349874,35.48707835537655,142.89528382325358
102,7,188.35436812992836,88.06262621125725,57.46147968681629,162.7820205670593
102,8,504.1940194204501,108.38118908365226,48.057275827903126,162.9373411891525
103,1,553.3306190428015,101.0786920277984,69.55100660509194,171.85509663196765
103,3,385.61805036155044,105.0198706683786,48.85635605671021,136.03769186509007
103,4,315.8062788920734,94.53856600213643,60.58652316521246,168.4119936320896
103,5,536.3660291931631,104.81106728036464,36.22090512467379,147.95318297303143
103,7,188.0882893582721,87.95266548524084,57.48475995917919,162.99144560600664
103,8,500.18558025675435,108.74316311448274,47.806968330557176,159.76326728630386
104,1,558.3232058117475,97.75669611381203,68.74039430934573,171.8745968242604
104,3,385.52151927898325,105.02247648834538,49.208993494078264,135.91159737535173
104,4,311.2556452069051,95.4130419523275,60.917347836779044,168.12244725371372
104,5,535.8769143970858,103.71996770749456,36.268307697181825,149.3204204530436
104,7,187.12872987288736,87.2590056508275,57.86289832524335,164.38274812103577
104,8,497.2231840560847,108.21905534053343,48.21136680077405,159.22798884558983
105,1,562.6460452703818,96.50317506183579,67.94898908322881,172.55149011883285
105,3,385.3072490932131,104.35868562358453,49.74646708631287,135.8756241487407
105,4,309.13811394786615,95.75143197117848,60.68592994993237,167.35390543293124
105,5,535.7940536218332,102.6189352532658,37.126874975921766,151.2905334690395
105,7,186.6091626977732,87.66214025077521,57.64210521511658,163.584467881743
105,8,490.71539978730846,112.66913614991033,48.11791496161464,155.71695633829725
106,1,566.795128526462,96.04188300071083,66.99428414656867,172.81294838790168
106,3,384.89444754193363,103.44562107661665,50.6560663324899,137.19780321613803
106,4,307.67606893657177,95.22189713235734,60.1180417528856,165.74262095193026
106,5,534.5279979002568,105.60402092763937,36.8096152779923,145.97310751652628
106,7,186.29055874050712,87.16498196800262,57.78391560846007,163.928087688995
106,8,486.6465772702506,111.67971881687532,49.58653280379469,156.40422247300677
107,1,572.4557563613598,98.52319061105659,64.14057743660979,165.65245813237252
107,3,384.151253469343,103.1051206258904,51.54843141949888,139.02054824052905
107,4,306.74646826047984,95.02667109348165,59.51814701154618,164.47894641371707
107,5,532.709999545221,107.40565216782905,36.953079052364494,141.99206209319752
107,7,186.0795370766955,86.98434656692335,57.352534111764754,162.730876110217
107,8,481.13494518536766,109.97755511623714,51.73964278020181,157.99931537613054
108,1,576.7922892591041,100.16326556630399,62.37577182076315,161.5785076462802
108,3,383.44162400931486,102.98138941650849,52.1168124547813,140.36837756303746
108,4,305.92383639041117,94.2945641759108,59.74883018106439,166.01275287692908
108,5,530.042427937011,107.34135118924958,37.82221723134752,141.33489852152033
108,7,186.4794572533704,87.58643849442909,56.8860847582492,161.60702088414135
108,8,475.3918560694476,111.97341225439742,52.88037767008478,153.3276437414344
109,1,579.9385263208104,101.43727211337207,61.04038770041067,159.44930432771747
109,3,383.3472200444585,102.9402726748082,52.67086930832428,141.5323300319714
109,4,305.8961272558514,95.34806856522576,58.75331746691273,163.9548553208145
109,5,527.9083202390846,108.65261630004528,38.6277892400065,138.4590736354885
109,7,186.16904877290318,87.82051282072833,56.968205246996426,161.84523090481966
109,8,469.9400287013672,110.72634290287374,56.851682959967384,156.2394223565588
110,1,581.8374020778532,103.9105029602165,58.80792624028809,155.36196000348943
110,3,383.2963519609404,103.58708401370367,52.94227617694877,141.96449339115077
110,4,305.7510586249319,96.42222848631616,58.15183753488355,163.1829184247906
110,5,525.0866726227576,109.78657596968316,39.81717355260003,137.495326301258
110,7,186.33028796542666,87.25110201159991,57.10314207041173,162.59780069569703
110,8,467.23562500127485,111.58558547646105,59.91414273512526,155.33781036206105
111,1,583.3922563960326,104.81557504197154,58.00467535927706,155.25446791460448
111,3,384.0264711327269,104.496089905604,52.889167451584804,141.45731899102802
111,4,304.8687506186683,95.49693156343452,58.38688598413467,165.5667376760552
111,5,523.119368391109,109.49447557101068,40.95836389498863,137.90060082122156
111,7,186.42536204589888,87.03984484664382,57.08512679151091,162.88194967756968
111,8,464.85074915832615,113.23655567312231,62.12523571830128,154.34235185928642
112,1,584.4949387512637,103.79000305087975,57.7800995390648,157.27574172802096
112,3,384.010576170806,105.50296065951179,52.819827623309536,140.59073595751653
112,4,303.9145129825629,95.15099398826946,57.85035839070139,165.808361140279
112,5,516.8220148876243,108.01789226951212,43.29613495081548,142.81777422443992
112,7,185.81679651534168,86.30493316524279,57.70527440439262,164.96777177332942
112,8,459.49831126088793,114.51403703618212,62.176520700433656,151.98928326349545
113,1,585.1192225398554,102.06529059839212,57.743801062631576,160.72470909205356
113,3,385.20886259979636,106.54240139084015,52.38395081109211,138.26978389649656
113,4,303.31427719766106,95.68236581481047,56.92467143001776,164.5842009482612
113,5,514.1971140601224,108.12073949065896,44.23918213050575,142.68193345040333
113,7,185.99338066068006,86.033351369954,57.78278723293012,165.7493061909035
113,8,456.11781234495794,111.6453303658081,63.87509851497363,154.45805022483486
114,1,588.3584398947658,101.40756587674856,56.16153795970439,161.39066674250316
114,3,386.6025121715802,107.59306581546173,52.34621967564162,137.38768052386234
114,4,303.2900411248674,96.54959532966414,55.62896039356609,162.13649307669314
114,5,513.894218780913,109.4728930265101,44.76113883267765,141.33664387153615
114,7,186.6877281280601,86.59603966960866,57.216360796511914,164.7189922874463
114,8,454.77737724806684,109.91679754728337,64.88272691235761,155.3850301518199
115,1,590.054515086563,99.83062829769385,55.10134911745247,162.98647569627255
115,3,386.0696343611686,107.97533153759048,53.11219131215455,138.3909633994275
115,4,302.2131096803185,96.8761264219143,55.4006632895401,162.55725739404258
115,5,512.1968087358567,110.63407498625288,45.665532471461525,140.1935449646936
115,7,187.3882001886073,87.47941352630382,56.78716662771812,163.65228574626295
115,8,453.7148856334296,108.60017306115085,65.97130314454836,157.06634888200512
116,1,591.7882973385495,97.91851172698038,54.32344713105337,164.91747495868444
116,3,386.22083599961894,108.10676668885165,54.012306605796304,139.43192621291405
116,4,301.48779229775073,97.65685307667688,54.733626300108035,161.40376479086538
116,5,510.73490999352885,111.7160056735878,46.49817741242352,138.46446157114326
116,7,187.38300586699307,87.8169249427248,56.496824761663525,163.2429648831918
116,8,451.9551552491846,109.42529241660004,66.02297213462825,156.388634851867
117,1,593.4052900860945,97.20087755387623,53.26519949132651,165.6526525603746
117,3,387.2347440662577,109.46252246701177,53.75137387472377,137.18975608276313
117,4,301.1492508947534,97.94637950242932,54.058510883870355,160.9842216330486
117,5,509.0518431437088,112.76610670079118,47.249399146098675,137.1848227201016
117,7,188.07822731369043,87.94429257274898,56.30877192779988,163.08699727221128
117,8,447.14668935353075,110.41183457751767,64.63420671644968,154.144867859841
118,1,594.5577692570188,97.59882803595913,51.62572715834145,163.95533906151522
118,3,387.95076105317406,110.62904720859201,53.644920678576696,135.66875009797334
118,4,300.2581218081731,96.72074398904554,54.105871413193356,162.8346867863947
118,5,508.38478587507416,113.80076827166762,47.7640474925952,136.07763412953355
118,7,188.5676429977769,88.6527639864933,55.77595038634385,161.7052770800788
118,8,441.4335091190434,110.79083812426965,62.82657540330978,151.96970699837473
119,1,598.2826466994978,99.0895258796723,48.231758839575015,157.34739418284084
119,3,388.9528355105216,111.04753032391376,53.44937643377276,134.44377598947185
119,4,299.17709191168825,95.59756892496227,53.72288914333635,164.19915757499183
119,5,507.2005433221165,113.49287855761419,48.63875202337578,137.0382499225412
119,7,189.2408983437735,89.58202611340546,55.2499538017059,159.85775724065056
119,8,439.12633211356774,111.59964184732678,60.734556541376875,149.8357541469586
120,1,599.523697917562,96.31031314396276,48.444634919827884,163.57980432542104
120,3,389.16115946556926,111.18389173565414,53.02113954438116,133.33481163668657
120,4,298.8464460818515,94.51279394442852,53.510519085685296,165.38078666149522
120,5,505.4397853129667,113.35636445672672,49.06802575214697,137.4257702809539
120,7,189.92555384456114,89.26115320513095,55.506651644717486,160.50147354197216
120,8,433.6249682610296,110.56620107293921,60.83360164057294,153.06212708377387
121,1,601.4781048662768,97.93115347059,46.1079616428788,160.59320316144942
121,3,391.42357313793946,109.88373539142835,54.45817234319247,138.930587202846
121,4,299.0947561946475,96.08102254483013,51.45520157277603,160.5612149070607
121,5,502.94135969670987,111.95773443810593,49.71191026943173,139.58830304227521
121,7,190.83717454090723,90.45889465325324,54.93769726469022,158.10508116424526
121,8,428.971634639183,108.86642131850363,60.380058210526244,155.58331664901965
122,1,603.4342036569018,99.9103813925255,43.94632240826045,158.10369260140436
122,3,392.45406027498234,108.74338116075599,54.577060797375765,141.65155649262917
122,4,298.9854996944109,96.02334046698401,50.52238082900839,158.0443170765079
122,5,501.154384292201,111.4192332313533,49.7861573493961,139.7577419265179
122,7,191.09825687855323,90.90554780546964,54.867858502706184,157.875553799283
122,8,427.99713159835323,110.19338461770457,58.230913448493936,153.26282378311612
123,1,605.01484058334,101.32319529008868,41.9709780900656,155.85312032224869
123,3,391.2994859095991,108.9471998280463,53.102711746162086,138.77100164174644
123,4,298.16152893615606,96.00243309894579,50.489950835133826,157.79748557338124
123,5,498.55926929166276,111.86437241594578,49.81744861358535,139.17352830570394
123,7,191.17946274824564,91.06228606347192,54.85302458663692,157.80706288003947
123,8,427.89177813633177,112.70359107110085,55.89631811906919,149.7135827612094
124,1,608.0533578029798,111.85642848322618,38.21233816806448,146.3621614197749
124,3,392.47002311429037,105.7054709560776,53.87333988034919,144.26403150750812
124,4,297.58720027094233,95.99525226309011,50.42313858623336,157.06402718217535
124,5,496.8430217947984,112.68726452721837,49.448819170139444,136.97653895995197
124,7,191.955772704265,91.11050128901296,54.66071054823052,157.1351025912396
124,8,426.66944293213464,114.98303446138631,54.353038964675605,146.38577573468737
125,1,611.0293319168031,119.21899461245187,35.006178687851396,138.74084814840074
125,3,393.9282032727908,107.11092303246993,51.43800213042314,141.08230821422276
125,4,297.2721360653843,95.99321182752641,50.67693253537574,157.47807736915473
125,5,495.40600071045446,112.98822942249689,49.70958196989681,135.49560422566253
125,7,191.84009175595224,90.45438336740882,54.718617553247924,157.56256336976193
125,8,423.8295764767869,115.14814577613316,54.13325126431135,145.844656091211
126,1,613.8560616381803,130.02468090471837,30.895278168009085,125.80053022773554
126,3,395.92873737258,109.66089530772699,47.570079320561725,133.17808943242156
126,4,296.4902847534503,96.65589418900501,50.84326650564918,157.6547018728802
126,5,494.8382512552561,114.42146865922496,50.00791442322419,133.63180676035478
126,7,191.61398638763566,89.53859252152664,55.08411746484264,158.39988530924396
126,8,421.0944334150662,115.8595492831943,54.31772622112087,145.00833548828626
127,1,614.5479960302628,128.16328860793948,31.29102855775284,132.5370189762887
127,3,393.9497494444714,109.9564974129758,44.7730153033377,126.7894137018268
127,4,295.63621114911143,96.2426461185354,51.43041181991572,159.06501447622568
127,5,493.2807481620671,114.27692085173598,50.94721596703086,133.6288989761972
127,7,191.300866172612,88.5290318003052,55.6588383884159,160.04785982242538
127,8,418.2732936963315,116.10778180863592,54.903117615675676,143.3958320649687
128,1,615.6131646767737,127.55947505477229,30.42222805993832,134.0768921820124
128,3,393.0658137113469,110.734436696568,42.69064674204314,122.45559266681897
128,4,291.7426275001605,93.4457560690689,52.916786860471454,163.56787099300757
128,5,487.0722681289473,112.21561830119383,54.028936782197555,139.63463600824625
128,7,191.27137490503654,88.14844765756737,55.682548275500075,160.01654204826878
128,8,412.1608512411122,113.50998438061622,56.81124339040939,147.50288928538683
129,1,617.0144017178956,129.6699666629908,30.010121099165833,132.26954834807202
129,3,391.9110335735584,111.685437109005,41.575508842079024,120.94493733057912
129,4,290.3040250667303,91.0882431450753,54.13054200812963,167.22548956791633
129,5,483.0035326223158,111.44736648153103,55.52477102530923,141.86558401849882
129,7,194.3728379364664,89.98856601232517,54.73251310589873,157.36353852989916
129,8,409.0194552937208,111.88766000227969,58.14019858184493,150.34877901255948
130,3,391.7685585336165,112.05451257897619,41.021203436536396,119.33241892767745
130,4,288.284503545109,90.19627524216345,54.99906303395757,167.96263609467016
130,5,478.78177572776815,114.41948905401064,55.66429904432554,140.10666569592584
130,7,192.87449753238127,89.36111219562541,55.0487978974787,158.35366524039878
130,8,405.78556438650946,109.95485772978546,59.68177238027949,152.7560776701198
131,4,285.8875060314438,89.87407601123084,56.03541581878782,168.21938503674494
131,5,474.91267774001926,114.90335534585758,57.08858111558215,141.39750615022936
131,7,192.4096492811701,89.12579670778157,54.95747679558958,158.06916261714014
131,8,403.1957043617893,107.91201482725909,61.904504312671335,157.60369988054762
132,4,283.6452714489614,89.77245095407899,57.20215576107038,168.94866447952833
132,5,472.5961467220785,115.73230782693398,57.53106731491084,139.904103234103
132,7,192.31995364721888,89.69825101296924,54.73216808048807,157.30596395703859
132,8,400.26494133393084,109.09678609524973,60.975307769337704,156.1827204025972
133,4,281.84418536725286,91.72253390149261,57.66181972691355,166.57653258720515
133,5,469.95047292554653,112.72630433259276,59.44225836052017,141.97153524525177
133,7,192.66241013038024,91.23971651755873,53.88239278336734,154.3744603912812
133,8,397.4799947522795,106.94918967389745,61.54646503180692,159.5410417361486
134,4,280.22967896782876,92.48767265281396,58.475302493518875,165.64394032567827
134,5,467.5274352342703,111.59468769502908,60.53893396249826,142.74071228441528
134,7,192.45480417934365,91.81807748403862,53.5581251440134,153.28064801278796
134,8,396.1022053709493,106.80485713745571,60.632662887828005,159.4809030380107
135,4,278.80773863429624,92.78282489423559,59.183019495374566,165.28282436387187
135,5,465.8831350088335,111.82105108411133,60.600451778545995,141.7082846119439
135,7,192.35113902729134,91.35910207886252,53.484481317095934,153.56011260992955
135,8,394.2420003569873,106.7703169249545,59.90059798438505,159.42302672279675
136,4,277.4343921483841,92.89836415417517,59.897915146996795,165.80123551742685
136,5,464.18357733747655,111.25129956188539,60.972662597549736,141.3019242625354
136,7,192.25396858629995,90.51623004901224,53.57114266787899,154.34816964110976
136,8,393.77108642787897,108.08903758054551,57.38791664707239,151.48722267360128
137,4,275.322421881464,93.60456239881869,60.14774903113914,165.33155884545258
137,5,458.5313398315973,109.05794155363238,62.70796348840539,144.4460814795561
137,7,192.26374970879374,90.1942420834926,53.50951112589653,154.66125602858565
137,8,393.8295742325072,107.2772821022935,56.92191844439438,148.39823609201068
138,4,273.99239034787223,94.53505469868821,60.0785833846155,165.14719383582218
138,5,456.443646485331,108.2419769277431,63.424877238875865,146.27231045502734
138,7,191.73138742099323,89.40926795051449,53.89571479980291,156.77702845991647
138,8,392.87873175493456,107.6588910518166,57.534830197633894,147.94990652866494
139,4,273.0864564646088,95.54530705016595,59.63868396403494,163.75186773784054
139,5,454.8967806628435,106.63357265831088,64.71864456633911,149.57344671086386
139,7,191.14961541927005,88.45642478815286,54.14608849917599,158.2373595498589
139,8,387.31016992486695,106.47834562446927,59.0379459374637,149.80022180916401
139,14,1.7103314614377254,108.69412735916194,56.59573378639609,175.45688747188933
140,4,272.47865060071274,94.59511735237787,60.110581234114804,164.54896259420636
140,5,454.24055470362515,106.68664050590789,64.84255568609456,150.80969627675694
140,7,191.09337923219658,88.75543286523475,53.914279801079346,158.1338597280751
140,8,383.859071581816,108.02980245580197,59.857727984419846,146.53983092520465
140,14,1.745324118825728,107.27248187336957,57.309601294134275,178.67898082872443
141,4,271.61922244328576,95.55376677877629,59.6575390382027,162.20791087706743
141,5,453.74961409616867,106.72783105240728,64.22744298153455,150.59778631558788
141,7,190.74883210554302,88.21629870822254,53.81888228167008,158.7479956303484
141,8,380.2566864412251,109.9741619328398,61.64823188630941,143.97401310272463
141,14,1.6272975264374203,104.65497064575727,57.796897630848285,181.7985332968913
142,4,270.7770656198678,94.58350406173868,59.29311414263539,160.65534314326922
142,5,453.40848514093045,106.7622070785322,63.799259736962014,150.48056812948207
142,7,190.6078307280521,88.01740539913887,53.81135126323384,159.63371799468572
142,8,376.030776352265,111.36880339157364,63.61130759427861,141.70868188278365
142,14,2.6963431736976027,100.27545812339638,59.24605787688518,188.3796007754968
143,3,407.2048123232031,109.08491047172328,49.04590982324639,143.506590877235
143,4,268.584584907907,92.21922965429616,60.34308146093265,164.07652961209402
143,5,453.29212464118376,107.44799986477292,63.09126511175143,149.74934614355055
143,7,190.26489998212722,87.29010981025331,53.73826157128251,160.61997934119444
143,8,369.45315542265473,113.21966455952183,65.86152954803977,143.58399704086813
143,14,8.827450798580639,105.58491648717622,56.429645390306156,180.39276980178616
144,3,407.7947707602754,110.82634556683517,47.85403334256811,140.5996394851131
144,4,267.1302811073518,92.00039452967702,60.109065613776046,164.0383179408502
144,5,452.35412427556207,112.33597977268654,60.78965701332975,145.49041759410076
144,7,189.87029696743014,85.70572115932563,54.24899863512823,163.61450491176652
144,8,366.53812509187816,113.89036059547536,66.5233825660398,144.3007636472252
144,14,13.539960760126352,107.7401308352614,55.35677937692234,177.80430673356813
145,3,407.4562729960586,112.23541771541537,47.70157236331909,139.2451205000529
145,4,266.4099472102412,91.92605242953785,59.79215800838061,163.36180318362173
145,5,453.72816158846837,114.20697630167865,59.935755577773264,143.84490812899782
145,7,189.11132393239765,85.11473958133367,54.36309506726059,164.7346128645909
145,8,364.6906935068556,112.8003073422287,67.1793460332973,146.58346185340815
145,14,23.174971937792705,113.32259285063286,53.32089168507474,169.2998725338803
146,3,407.62795600913597,113.42922059404327,47.611993333756295,138.68928840363935
146,4,263.3417448586478,89.25943814772432,60.06953617535285,165.09066750547498
146,5,453.79233762733804,115.55414919042173,59.2939649588317,142.56961170919874
146,7,188.80532812552784,84.90284365044451,54.4488499363302,165.79536793108485
146,8,359.7967514201026,113.69314343289204,65.48586064720506,145.4794086214082
146,14,28.884251199539715,115.38440564375223,53.55103508316527,166.8219347399914
147,3,407.94639392370743,113.22611468568304,47.66225202038945,139.1064834702776
147,4,261.9711364112561,88.92654391566238,59.38074890453109,164.42258598884203
147,5,453.77853068997405,116.70405627005387,57.903973920412085,140.10402805255669
147,7,188.5824056752369,84.83662394833257,54.05364794575654,165.51879739534257
147,8,358.3595246912762,114.02017006905764,64.22851254119581,145.06653123266054
147,14,34.08951250843114,116.77151819030261,54.56423241603169,164.60342368891125
148,3,407.9720985753075,113.14177084532531,47.81505653587815,139.8977962552877
148,4,260.6814006174149,88.81950870869696,58.788852821182644,164.16261946020035
148,5,453.1801449409328,116.44260854665866,58.00749715385308,141.19684539295721
148,7,187.839717298085,84.82609673044912,53.91928372855808,166.0435802299086
148,8,357.83799863603656,114.12905756838556,63.29125282184713,144.92237160159928
148,14,38.28983379312015,116.55751351185073,56.82718856702591,165.1960682325787
149,3,407.9654962998939,116.37095236703817,47.1968641432215,137.56454327203664
149,4,260.09858267852206,88.13528912551303,58.20742571339363,164.06271588129368
149,5,452.4918591693213,116.9892635125745,57.06702387171987,139.62816270736977
149,7,187.6516697360758,84.83432657433391,53.69974217329182,166.22039279548534
149,8,357.4782730273276,113.49439254506785,62.82678798540359,145.54139088537391
149,14,39.151406915002184,116.44435556721875,58.71641141144203,165.45218218783154
150,3,407.33906940552214,114.30300041814786,47.482443545689726,138.62253274191482
150,4,259.3157491190351,87.23258197877644,57.90193102670743,164.6852094519678
150,5,451.16850088218644,116.50671334258729,56.93746484868995,140.38239631960585
150,7,187.8500195279667,85.50704486096899,53.099154556728394,164.94896998164194
150,8,354.83298732371156,113.90519818528935,61.924326357669145,145.1227862192714
150,14,38.960547348552566,116.37002561272418,60.12182971616812,165.58229116292503
151,3,407.0043792897502,116.7982930442353,47.09589939610967,137.0391320971417
151,4,259.14544126802707,88.88863873478637,56.318895893918004,161.61996788634715
151,5,450.5979560993735,115.64749483277666,57.12297690800651,142.0031682070404
151,7,188.55058432968568,86.43416310617171,52.30512040278649,163.1227037179443
151,8,351.52995014110684,114.71326809103745,60.434137766949725,143.64802192686764
151,14,38.96548014059823,117.65151692997746,60.205207711214456,162.3189611557722
152,3,407.11754360314484,114.43720063814112,48.4047999912389,143.0271170150349
152,4,258.32081818620304,89.54027936713253,55.362503592173006,160.45221911755416
152,5,449.8693403134522,112.67288897216449,56.981938828732105,143.28206347950436
152,7,188.88133108930467,86.79044529852898,51.894156701740776,162.4202626776396
152,8,350.16606987955305,115.00742894991916,58.995897718545656,142.43705490814494
152,14,40.15422566107407,117.4324053817184,60.92244784082651,162.4687444441196
153,3,407.5381330810393,114.20324141113129,48.11641358853287,143.94355806485467
153,4,257.63545703457015,89.7918521786853,54.52970394553392,160.02800019006764
153,5,448.82771063772566,112.19676764153392,55.90480906242771,141.79366704816474
153,7,188.2186285030119,86.26349542955101,52.00418728213635,163.47749915749355
153,8,347.5584927745207,113.11146337966638,57.54748295849131,141.33326177110192
153,14,45.45994516313442,115.3273319737376,62.59979966423824,166.5597133887794
154,3,406.9662873508464,115.41335391959622,47.474543494730746,141.65028195555257
154,4,257.3227449096244,90.55511009419968,53.764613124531124,159.88322142895152
154,5,447.5252205763041,114.00889137051954,55.4086353408255,142.55146273541845
154,7,188.59513857638999,86.72626945293983,51.4677955992355,162.5527878695817
154,8,346.396873390022,113.05690043208043,56.258086902451716,140.2731472128459
154,14,49.617232409801694,113.87317976725852,63.291053527188026,169.414880156632
155,3,405.9486894791561,115.2136618763158,47.46335139999933,141.39199161443906
155,4,256.77769716060294,90.84513747220971,53.10357549785309,159.8430148901589
155,5,447.39843502717497,114.6894563898358,54.57811710042726,142.178214373129
155,7,188.90107086915128,86.9044506023221,50.956372016744716,161.53418728920377
155,8,344.99415337847495,111.703516519529,55.93116984668658,141.89363963860072
155,14,56.14929824858878,110.02373755939405,63.93948122517414,175.11088425331275
156,3,405.2545409426289,115.79063107969611,47.40538522419351,140.61903813361027
156,4,256.8829082207611,90.9544559812522,52.32733602737961,159.17853335122933
156,5,447.19710107503454,114.94359994859538,54.000026189859945,142.0382290487415
156,7,189.07297772283357,86.97175836628708,50.66474375816186,161.15032559443983
156,8,343.9324663935345,110.5393875863886,55.738010537541335,143.83428300811093
156,14,62.19683203705179,108.567074754357,63.352560890638806,177.2602884551758
157,3,404.84309535118973,115.34156401287586,47.6695263344081,140.97123543240008
157,4,257.1101671755045,92.32136735671536,51.08866519671489,156.95118180855897
157,5,446.8420243396834,115.0337753953951,53.09942166489445,141.32672664575657
157,7,189.27712884816438,87.65895831935853,50.287810305609675,160.34739636501445
157,8,343.8148133602447,110.76302355307845,54.61855848196228,143.2604628385816
157,14,68.71578290278022,108.0200551801883,61.6607830324759,175.44461483242677
158,3,404.08546336712124,115.82448212593133,47.651730191599924,140.43400668249075
158,4,257.46297378396986,93.49994630159892,50.178427714204666,155.4628554886637
158,5,445.8593564574457,115.06164431797723,52.550195057549224,141.7241180597938
158,7,189.8596638073918,88.57957922296464,49.80848700312131,159.38730716169192
158,8,343.5634901734682,111.51945547086405,53.48205916031521,141.7221124014535
158,14,74.25814436361152,108.49153767438236,60.53359672655801,174.04676887672224
159,3,403.09357063356725,116.00163064688381,47.73148522829105,139.558059435233
159,4,256.9818384070932,93.26513850960227,49.80794086288143,155.59707649109313
159,5,445.2884162337044,113.74521463539641,52.82058922862505,144.52121496651492
159,7,189.86121560543305,87.59369018606758,50.071964470463215,161.02619957449295
159,8,341.57101290653424,113.13968064471187,51.715334516621105,138.49208126149526
159,14,79.11362735723938,110.67050684419652,59.556115034231176,172.17488296712315
160,3,401.5863121858921,116.06137944089568,48.046772385712316,140.5437423579749
160,4,256.75836734569054,93.16765364504309,49.82270502822156,156.99786889792267
160,5,443.97258933835377,112.59179716480011,53.22068625005115,147.53976304565174
160,7,189.92970450542293,87.22027563674924,50.03883778988577,161.64610649808427
160,8,339.9997778312664,113.75100004615044,50.871446718827706,137.29253266306432
160,14,85.71035341349851,112.83189786782735,58.6015641286456,168.8039221719491
161,3,400.5596924780836,115.41857621283302,48.44119351563633,141.56866516862192
161,4,256.44494902937834,93.12319223813078,49.68703403270073,158.201934902997
161,5,443.31471078776934,112.15385451996916,53.09905944647895,149.3337262161477
161,7,189.8414061221377,86.41692016857893,50.2583091325287,163.20322180620067
161,8,338.7170301163836,113.30603317492644,50.783828416668904,138.20482528724548
161,14,94.15978600319154,113.6500671406491,58.609167092260044,165.53087726928055
162,3,398.8551267397918,115.82783987813698,48.611125916628644,141.9491410900681
162,4,256.4920924625326,92.43937710079626,49.363740363263034,158.66876475739656
162,5,443.0318233140109,112.64578283600392,52.532818601239946,149.34691838519745
162,7,190.24797815093655,86.11402309163175,50.12195574087623,163.1314066259782
162,8,337.9777408199109,114.46083798851728,50.0935084651785,136.57736916293243
162,14,98.05469593832058,111.9453287164009,60.766417886791714,166.99403951433248
163,3,397.27325435831136,115.98009314362736,48.59618516255414,142.08266160899313
163,4,256.7427215588808,92.1744403238597,48.83302477831453,157.53153189389604
163,5,439.9946848286728,110.87045286387833,52.99371447079096,151.9530183697058
163,7,190.31699256415595,87.32200166884111,49.583469511395926,161.11735815970766
163,8,337.2453818279551,114.89254459465074,49.583394044099556,135.31841600184313
163,14,102.59541301309437,112.63633667988424,62.99855456236763,166.2250212889859
164,3,392.8362723014971,114.71472894847172,49.71076086713568,145.41883055500384
164,4,256.53867561684467,92.0712395930664,48.622540664570785,157.7684204218163
164,5,437.97741702645726,110.2038718490369,53.006012568914414,152.26487004549912
164,7,190.32288693590257,87.78381386662288,49.41918003450906,160.34844697609688
164,8,335.62694111412094,115.04482707485882,49.56722936170859,134.87393586151435
164,14,102.4225917314903,114.22587421157867,65.22063483815353,164.6205049722619
165,3,393.91519753228454,114.89002369215585,49.25091132492424,144.7021587026396
165,4,256.18733702194965,91.37023492539338,48.475182551716905,158.52579255967132
165,5,436.6092126341506,108.64738441948572,53.63050906265222,154.32008684707102
165,7,189.57736236361728,87.29226435551129,50.19141220113156,162.71520902367416
165,8,334.48764532481135,115.09252240381619,49.43942874005083,134.06916823954253
165,14,102.23491505657265,114.81969747359459,67.89346473152453,165.36513256087747
166,3,391.5047588875334,112.98261309971906,50.19960958598236,147.03425166444578
166,4,255.98058805215143,91.10601539885381,47.95014836746003,158.15653735669176
166,5,435.02136343052393,106.76087531554006,54.776808553099215,157.68865889736304
166,7,189.7508806427633,87.10645536844994,50.23536420069588,162.94467411477726
166,8,333.41722983551256,115.10127615760913,49.489881109121605,133.79468314188006
166,14,101.86245201370807,115.69468441790929,69.84996311350545,164.9970299374247
167,3,389.8266802489543,110.95694929320415,51.49269753725334,150.51476586798512
167,4,256.1427717182782,89.68591045954598,47.97588388141941,159.34204147631684
167,5,433.99444289860173,105.4057170057023,55.48204077153338,160.2451415221519
167,7,189.47846170155853,85.71575839425678,50.93356483801514,165.665526040927
167,8,332.1621587119543,114.43210824708527,50.019654255220594,135.04703759785855
167,14,102.32465164684088,113.36078971291411,72.37258919943676,167.52555544520095
168,3,388.73039776714546,110.84431999377448,51.654476294543514,150.51517793024365
168,4,256.10399866085714,89.81499461347816,47.56295105350062,158.47211817291358
168,5,433.32358447141246,104.90570834505323,55.73735146561575,161.1876980470352
168,7,189.1353097201824,85.1929983053229,51.02365003908,166.68423766271837
168,8,331.5284156645137,112.85424309420628,50.65984318838751,136.1960947116968
168,14,103.73937495393696,106.55359390281063,75.2038135946651,173.74792306305488
169,3,387.9424974540977,111.47363090596545,51.210562312162246,149.16303657126747
169,4,256.35595591904087,89.21170677687911,47.57280088880512,159.4636012645679
169,5,431.91585802439363,104.73903897004809,56.26044010774483,162.15436279048532
169,7,189.347156579473,84.99945682061848,51.03068938532806,167.05695732545908
169,8,330.5540339941952,112.91670218323313,50.50690940095263,135.3243178179044
169,14,106.32977768167808,103.99008044093124,75.86861248362011,174.78960798836974
170,3,385.7274937982595,112.38789043437306,49.01204630137443,142.67970516063323
170,4,256.4288164288874,89.65138550712071,46.99019200961721,158.51842103985902
170,5,430.8174617277712,105.35267982051309,56.349780904926824,161.17117695701876
170,7,189.8370451256839,84.93327859501342,50.87607527449846,167.18035042064136
170,8,328.2816272163378,112.28166256633321,51.060134556266796,136.3297844395201
170,14,111.18987306558189,98.43902018939218,77.95077700436397,181.06388347210685
171,3,383.8737849220421,112.0800916588067,48.277082995427314,140.8454050968368
171,4,256.1715247816544,89.82760790028564,46.707239322628205,158.1578276910185
171,5,429.78860565573154,106.92665516552852,55.71458012831959,158.7735119412673
171,7,189.6139379265408,84.25698349638205,50.977877356574595,167.86803823030084
171,8,326.1810243314061,111.38740170105397,51.883350926265884,138.0352837226982
171,14,115.3266693285706,94.42199464876266,79.14573056688296,186.0078901179812
172,3,382.1158159034974,111.97232600958439,48.245831049577355,140.8460576762229
172,4,255.7669763639698,89.89969063356762,46.58121822182098,158.6860065796136
172,5,428.93326560442074,108.20563557734606,55.16748329919907,156.4991755525264
172,7,189.9361511541254,84.00794023895034,50.859359115901874,168.11238089379322
172,8,324.4650621697291,111.71299610045256,51.51204417257461,138.0257639230869
172,14,119.12850769026016,81.90806169544948,80.78360004348927,196.29484980824736
173,3,381.0464503965394,112.6018129635199,47.831758854976364,139.52916743510406
173,4,255.70235105707164,89.93113698455367,46.38478092203588,158.88722826695786
173,5,427.9617940865865,110.68614044184255,53.69483917865568,151.64053033767027
173,7,190.02606877740644,83.26383311145419,50.87845704121653,168.84621686570173
173,8,323.2027378121786,111.18628201051109,51.38888775720605,138.6801762279589
173,14,122.84574242364411,75.22708770205067,79.91869781911208,199.56343910390413
174,3,379.1498300601573,112.84481552173668,48.7806359574618,143.04030909708746
174,4,255.3937818291988,89.28646006963781,46.246308004421465,159.62419589910675
174,5,426.62647160278635,111.62474120155758,53.17232197166883,150.46537987689112
174,7,190.5766696986942,83.64898641131897,50.508040922712645,168.44993710893718
174,8,322.2203243960353,110.99370235932454,51.14677145449621,138.92552595637227
174,14,125.5074265427056,73.98190643776955,77.52465184894012,196.88287821823175
175,3,377.80785201948,114.25062125850954,48.513688114627904,142.3770591367089
175,4,255.91177657591516,89.7062781207479,45.610016641466615,157.92322633613816
175,5,426.02281226637655,112.62961734818361,52.61867912681353,148.70929398722973
175,7,190.93728250981138,84.4660148968972,50.06100689744809,167.62169749446326
175,8,321.72031127973065,110.92851780249535,50.765227025826555,138.35537613905012
175,14,130.36049421445594,77.55723390324731,74.50828675764245,193.10290972201304
176,3,376.228558718893,114.79078611257398,48.677707470316136,142.78197075634853
176,4,257.0698500668203,91.19799487817589,44.80119473091548,155.285106752619
176,5,425.5293688111651,112.9938072747574,53.04655735560394,149.4023046576156
176,7,190.95544800741348,84.12214191117198,50.12247951218266,168.6160726541952
176,8,321.3596350358074,110.25101184188703,50.4171583485429,137.47432926780724
176,14,138.6692068495524,92.86681941413134,68.06010400936897,181.0416209792829
177,3,375.67770486664,115.64938645717255,48.753382326639965,142.93474436399694
177,4,257.52790988209637,91.76144762541385,44.47465828309096,154.29947470579154
177,5,424.0960467908467,112.45342280622296,53.795392958826554,150.33940974400406
177,7,191.03468830959815,83.99670019918986,49.9951777235524,169.63951145331998
177,8,317.5756299712721,109.341113279832,51.0681847082616,138.46500812643018
177,14,142.0349374728977,98.17472968784833,66.16780997717288,179.04013518361256
178,3,374.0983123432004,115.30593634918252,48.98686640468337,143.65192177327626
178,4,257.13061551574293,91.96741930052545,44.17099046302458,153.28284728282568
178,5,422.8281913952972,112.2378230350848,54.29215023857352,150.042533486899
178,7,191.72155119713742,84.6121063585286,49.28565906977293,168.6985725769936
178,8,315.37951840450336,109.66804250948155,51.64078096056698,138.17816325595368
178,14,144.51326360134954,100.76563855172627,65.42338291273919,177.6493462262683
179,3,372.7010532193683,114.50826380522264,49.45342906488651,145.2392080051374
179,4,257.35398940774394,92.70388760100454,43.98831557698464,152.25570379520764
179,5,420.21374864314765,110.15800043825159,55.52351835962615,152.59032407691367
179,7,192.6844305446545,85.5121342083482,48.92809087087355,169.64602985335202
179,8,314.7358250226827,110.4651396992301,51.6018654482128,136.74565767867676
179,14,148.57441328394188,104.38713702571292,63.926603840776224,171.80958238997914
